# 系外惑星の情報
# (https://exoplanetarchive.ipac.caltech.edu/cgi-bin/TblView/nph-tblView?app=ExoTbls&config=planets)
# <1st column> : ID / ID
# <2nd column> : Orbital Period / 軌道周期 (day) (ただし, 負の値は欠損値)
# <3rd column> : Semi-major axis / 軌道長半径 (AU) (ただし, 負の値は欠損値)
# <4th column> : Eccentricity / 離心率 (ただし, 負の値は欠損値)
# <5th column> : Inclination / 起動傾斜角 (deg.) (ただし, 負の値は欠損値)
# <6th column> : Mass / 質量 (Jupiter mass) (ただし, 負の値は欠損値)
# <7th column> : Radius / 半径 (Jupiter radius) (ただし, 負の値は欠損値)
7 -999.9 330.000000 -999.9 -999.9 8.00000 -999.9
10 -999.9 52.000000 -999.9 -999.9 24.50000 -999.9
11 -999.9 156.000000 -999.9 -999.9 13.90000 1.440
12 -999.9 15.000000 -999.9 -999.9 7.50000 -999.9
13 -999.9 46.000000 -999.9 -999.9 4.00000 -999.9
14 416.00000000 0.920000 -999.9 -999.9 1.90000 -999.9
15 7336.50000000 -999.9 0.260000 46.200 20.95000 0.920
16 -999.9 230.000000 -999.9 -999.9 12.50000 -999.9
23 -999.9 13.200000 -999.9 -999.9 2.00000 -999.9
25 14.65152000 0.115227 0.003400 90.000 0.83060 -999.9
26 44.41750000 0.241376 0.020000 90.000 0.17140 -999.9
27 4825.00000000 5.503000 0.019000 90.000 3.87800 -999.9
28 0.73653900 0.015440 -999.9 83.300 0.02542 0.170
29 262.00000000 0.788000 0.305000 90.000 0.14100 -999.9
40 -999.9 260.000000 -999.9 -999.9 13.50000 -999.9
49 41.68550000 0.241000 0.000000 89.550 0.05129 0.199
60 10037.50000000 2.600000 -999.9 -999.9 10.50000 -999.9
61 -999.9 210.000000 -999.9 -999.9 12.56900 -999.9
62 -999.9 440.000000 -999.9 -999.9 17.00000 2.200
63 1.50895570 -999.9 0.000000 85.100 1.03000 1.490
64 13.24060000 0.105500 0.530000 88.550 2.75000 0.970
65 2.99433000 0.043600 0.000000 83.170 2.33000 1.430
66 2.82804200 0.040160 0.070000 85.480 0.91700 1.440
67 4.03519000 0.051000 0.000000 88.020 1.30800 0.885
68 1.51214000 0.027000 0.000000 79.600 7.60000 1.090
69 5.35227000 0.061800 0.330000 85.010 0.53500 1.170
70 3.76810000 0.046100 0.000000 88.340 2.43000 1.020
71 1.90006930 0.029500 0.080000 86.500 3.47000 1.310
72 3.89713000 0.051800 0.047000 88.000 1.11000 1.290
73 1.74299350 0.027980 0.014300 88.080 3.47000 1.466
74 9.24285000 0.090200 0.562000 88.210 4.24000 0.840
75 9.75598000 0.092000 0.077000 89.749 0.03800 0.435
76 3.63130000 0.048000 0.160000 85.700 2.80000 1.050
77 5.11340000 0.056000 0.000000 86.500 0.01800 0.330
78 11.75900000 0.098000 0.000000 89.000 0.08800 0.440
79 4.86069000 0.057800 0.000000 84.500 0.27000 1.080
80 4.20474000 0.052600 0.000000 86.800 0.52000 1.260
81 3.57532000 0.047600 0.065000 86.700 10.39000 1.007
82 5.20851000 0.060300 0.047000 88.100 0.48400 0.955
83 2.85057000 0.038600 0.082000 87.300 0.85000 0.900
84 4.25680000 -999.9 0.000000 85.900 21.66000 1.010
85 9.20205000 0.090000 0.000000 90.000 0.72000 1.190
86 4.03789620 0.049470 0.090000 85.830 0.46700 1.388
87 8.88659300 0.085500 0.100000 89.070 2.96000 1.166
88 0.85359159 0.017016 0.000000 80.780 0.01800 0.141
89 3.69800000 0.046000 0.000000 80.000 0.02643 -999.9
90 6.21229000 0.063000 0.000000 88.400 0.22000 0.570
91 95.27380000 0.407000 0.110000 89.990 0.84000 1.050
92 6.71837000 0.071000 -999.9 89.000 0.15000 0.570
93 246.36000000 0.360000 0.345000 56.600 28.50000 -999.9
94 -999.9 330.000000 -999.9 -999.9 11.00000 -999.9
99 -999.9 800.000000 -999.9 -999.9 16.00000 -999.9
101 1.62892870 0.015330 -999.9 86.580 0.00513 0.128
102 1.58040456 0.014110 -999.9 88.170 0.01970 0.254
114 692.00000000 1.150000 0.110000 45.000 2.50000 -999.9
123 3.33664870 0.031000 0.017000 88.880 0.04300 0.346
124 2.64561000 0.028700 0.080000 59.000 0.02600 -999.9
128 2.64388312 0.029100 0.138270 86.440 0.07000 0.372
129 -999.9 43.500000 -999.9 -999.9 4.00000 -999.9
142 1051.10000000 1.812000 0.323000 45.000 6.70000 -999.9
151 61.11660000 0.208317 0.032400 59.000 2.27560 -999.9
152 30.08810000 0.129590 0.255910 59.000 0.71420 -999.9
153 1.93778000 0.020807 0.207000 59.000 0.02100 -999.9
154 124.26000000 0.334300 0.055000 59.000 0.04600 -999.9
155 -999.9 100.000000 -999.9 -999.9 20.00000 3.000
156 -999.9 320.000000 -999.9 -999.9 16.00000 -999.9
157 -999.9 2000.000000 -999.9 -999.9 11.30000 1.265
158 4.46529976 0.055610 -999.9 85.634 0.52500 1.319
159 4.88781620 0.053000 0.198000 88.500 0.08100 0.422
160 3.21305980 0.038400 0.000000 89.000 0.21100 0.959
161 2.91625000 -999.9 0.013300 83.400 0.85100 1.272
163 4.62766900 0.060600 0.107000 83.500 2.23200 1.150
164 10.86350200 0.096400 0.190000 89.100 1.94600 1.072
165 2.77596000 0.041300 0.036000 86.600 4.19300 1.289
166 10.33852300 0.088200 0.342000 89.200 0.53400 1.010
168 5.50802300 0.055900 0.084000 88.800 0.19700 0.995
169 4.00877800 0.046600 0.067000 88.200 0.29200 1.132
170 5.63347290 0.068780 0.517100 86.720 9.09000 1.157
171 2.87531700 0.036100 0.015000 86.800 7.24600 0.867
172 4.12448100 0.049400 0.228000 87.200 4.06300 1.024
173 3.21222000 0.041400 0.016000 86.900 2.14700 1.080
174 1.21288287 0.023020 0.000000 85.740 2.07000 1.224
175 3.35524000 0.046500 0.067000 88.600 0.68500 1.242
176 3.65283600 0.046600 0.032000 87.600 0.56700 1.190
177 4.23451600 0.047900 0.124000 88.600 0.05900 0.565
178 3.03957700 0.040000 0.000000 85.000 0.62000 1.020
179 3.25721500 0.043400 0.051000 88.000 0.62600 1.212
180 5.72318600 0.066700 0.095000 87.100 0.77800 1.107
181 2.89973600 0.038660 0.000000 87.070 0.59100 0.827
182 2.81059500 0.041900 0.035000 83.600 0.71100 1.340
183 5.00542500 0.055000 0.245000 87.100 2.17100 1.070
185 3.47447400 0.049900 0.000000 87.200 0.76200 1.686
186 5.45265400 0.067700 0.441000 87.100 3.32800 1.197
187 3.64670600 0.049800 0.025000 87.300 1.05400 1.332
188 1.32734700 0.023800 0.063000 86.000 1.83200 1.264
189 2.79743600 0.037900 0.058000 86.900 1.16900 1.178
190 4.64038200 0.052300 0.067000 88.300 0.26700 0.825
191 3.54387000 0.050900 0.000000 87.000 0.59900 1.571
192 3.05653600 0.044380 0.000000 89.910 0.67100 1.274
193 4.45724300 0.060800 0.000000 88.300 0.61500 1.730
194 2.69404700 0.042600 0.000000 87.700 0.80000 1.685
195 4.64187800 0.057500 0.000000 85.900 1.04400 1.280
196 3.33268700 0.044300 0.000000 88.700 0.66200 1.281
197 4.30121900 0.050700 0.044000 89.100 0.35200 1.242
199 3.12899200 0.045200 0.049000 87.800 0.89200 1.426
200 4.46312900 0.057700 0.123000 85.500 0.49300 1.284
201 2.69154800 0.043800 0.000000 86.200 1.73000 1.413
202 2.78849100 0.040750 0.000000 86.750 1.06000 1.260
203 3.12201090 0.045300 0.115000 83.650 1.35000 1.288
204 4.21802780 0.050690 0.123000 88.480 0.30900 1.293
205 2.75359530 0.036940 0.047000 87.020 0.81800 1.009
206 1.96162410 0.031590 0.134000 86.200 1.48400 1.318
207 3.79984700 0.041170 0.074000 87.040 0.76000 0.944
208 3.58524670 0.046040 0.139000 87.700 0.58200 1.182
209 2.79083270 0.042300 0.246000 82.130 2.18000 1.466
210 2.46529500 0.040600 0.000000 88.260 1.85000 1.413
211 3.85298500 0.052350 0.000000 85.510 1.05700 1.330
212 2.60545520 0.039510 0.304000 84.200 0.52700 1.890
213 2.97208600 0.043630 0.090000 86.200 0.78300 1.590
214 4.81010250 0.065050 0.000000 88.800 0.34000 2.085
215 2.20473720 0.036760 0.001600 82.200 1.68200 1.491
216 3.07637760 0.048700 0.000000 87.500 1.52000 1.500
217 3.92289000 0.053000 0.000000 86.500 0.78000 1.400
218 3.44645900 0.044400 0.120000 85.600 1.85500 1.302
219 3.31284600 0.044910 0.501000 87.790 0.52600 0.969
220 3.61916130 0.046140 0.340000 88.310 0.85000 1.510
221 3.14283300 0.047950 0.085000 82.700 2.38000 1.350
222 3.04404990 0.040570 0.181000 88.550 0.54300 1.212
223 2.76676410 0.038150 0.142000 88.830 1.07100 1.039
224 1.74748753 0.027120 0.126000 87.130 2.17000 1.105
225 2.68650200 0.037440 0.000000 83.530 3.27000 1.300
226 16.25461100 0.130800 0.029000 89.080 1.33800 0.777
227 0.83784340 0.017610 0.166000 85.500 1.98000 1.337
228 1.35413300 0.023000 0.000000 87.200 1.34500 1.168
229 4.72281240 0.050250 0.079000 87.960 2.74000 0.953
230 2.16051560 0.033970 0.114000 81.020 1.47000 1.860
231 1.34849540 0.025470 0.242000 86.600 2.44000 1.487
232 4.29864320 0.051630 0.176000 86.930 0.61300 1.260
233 3.30238810 0.047350 0.245000 86.200 0.65000 1.750
234 4.63703800 0.061100 0.581000 87.300 0.53000 1.500
235 3.18107810 0.041310 0.202000 86.170 0.67200 1.194
236 4.60587490 0.054750 0.158000 87.370 0.65300 1.251
237 3.54785100 0.048500 0.000000 86.200 1.07100 1.381
238 3.17435160 0.043540 0.096000 86.840 0.70600 1.175
239 3.37796000 0.047800 0.233000 85.000 0.88000 1.640
240 2.81265480 0.040240 0.471000 87.100 0.92000 1.249
241 2.54955510 0.037270 0.080000 87.620 1.19200 1.230
242 2.10616070 0.031660 0.108000 82.280 0.94100 1.430
243 1.82099930 0.031990 0.306000 86.900 1.22200 1.464
244 2.51672900 0.036200 0.013000 88.500 1.32300 1.020
245 4.76338700 0.054200 0.019000 89.300 0.23700 0.912
246 3.32527250 0.036230 0.000000 88.210 0.31900 0.998
247 3.58389300 0.046670 0.376000 87.800 0.13800 0.873
248 1.91530730 0.030480 0.129000 86.500 0.83700 1.065
277 -999.9 650.000000 -999.9 -999.9 11.00000 -999.9
322 921.53800000 1.740000 0.159000 55.950 3.78900 -999.9
367 2.87589110 -999.9 -999.9 84.550 0.36800 0.813
421 21.21663000 0.161400 0.681900 87.890 3.22000 1.020
468 -999.9 487.100000 -999.9 -999.9 24.09000 -999.9
504 3.09292600 0.038760 0.000000 85.050 0.01491 0.143
505 6.76458000 0.065300 0.062000 87.280 0.01372 0.135
506 46.85900000 0.237000 0.138000 -999.9 0.05088 0.144
507 22.71700000 0.146300 0.148000 -999.9 0.02297 0.117
555 0.95964100 0.018150 0.000000 83.400 0.01579 0.152
556 29.84540000 0.179500 0.267000 89.300 0.03083 0.269
655 5.73610000 0.061400 0.090000 -999.9 0.05000 -999.9
660 111.43570000 0.449000 0.933200 89.320 3.94000 0.980
664 441.47000000 1.183060 0.162000 90.000 1.68100 -999.9
665 220.07800000 0.743450 0.366300 90.000 1.95900 -999.9
678 3.41486740 0.046910 0.050000 15.000 1.02000 -999.9
687 -999.9 55.700000 -999.9 -999.9 5.00000 -999.9
694 9.49090000 0.079600 0.063000 89.450 0.02473 0.209
704 9.12050000 0.090600 0.205000 88.430 0.03700 0.226
723 -999.9 92.000000 -999.9 -999.9 9.00000 1.500
731 -999.9 740.000000 -999.9 -999.9 23.00000 -999.9
736 -999.9 773.000000 -999.9 -999.9 21.99870 1.051
737 -999.9 20.300000 -999.9 -999.9 30.00000 1.110
739 170000.00000000 68.000000 -999.9 -999.9 7.00000 1.200
740 69000.00000000 38.000000 -999.9 -999.9 10.00000 1.200
741 37000.00000000 24.000000 -999.9 -999.9 10.00000 1.200
743 19.30440000 -999.9 0.310000 -999.9 0.08495 0.343
748 8.26690200 0.081000 -999.9 88.950 0.09439 0.369
749 3.31392000 0.048000 0.000000 81.900 0.84000 1.440
750 4.73401000 0.057300 0.180000 -999.9 0.18689 0.471
752 13.86375000 0.102100 0.079000 89.350 0.05254 0.231
753 5.35117000 0.062100 0.000000 86.200 0.02706 0.170
754 5.81760800 0.055800 0.000000 86.210 1.29000 0.930
755 11.39109000 0.093090 0.000000 89.530 1.85000 0.942
756 20.27303400 0.136700 0.137000 88.820 0.84000 1.115
786 0.38107800 0.008800 -999.9 -999.9 1.40000 0.223
791 6.77131500 0.067020 0.251000 -999.9 0.09722 0.400
793 3.25883210 0.042170 0.066000 86.656 0.73000 1.190
797 4.09850300 0.048390 0.000000 86.920 0.57900 1.039
798 1.25785000 0.022000 0.000000 79.900 1.77400 1.060
799 8.99213000 0.080360 0.000000 -999.9 0.05191 0.458
800 20.66020000 0.139900 0.000000 -999.9 0.03807 0.269
801 31.71540000 0.186200 0.000000 -999.9 0.03241 0.306
802 5.42486500 -999.9 0.000000 89.100 3.70000 0.450
803 2.99560700 0.044190 0.000000 82.060 1.76000 1.350
811 4.01593000 0.050600 -999.9 87.280 0.03776 0.138
812 10.56103000 0.096400 -999.9 88.610 0.03115 0.216
813 4.60497000 0.057400 0.152000 -999.9 0.12522 0.509
837 3.00265000 0.045000 0.000000 88.490 0.42600 0.683
858 8.19979600 -999.9 0.140000 88.700 1.90000 0.205
878 10.13389000 0.065300 -999.9 88.770 0.03458 0.310
879 8.40610000 -999.9 -999.9 -999.9 1.10000 1.310
880 10.13675000 0.094300 0.000000 89.000 0.10131 0.384
881 18.24900000 0.159000 0.190000 87.700 0.97000 1.290
882 1.21751400 0.024660 0.009900 87.800 27.23000 1.110
883 4.16627390 0.052500 -999.9 88.610 0.67900 1.399
884 4.73652900 0.062290 0.000000 85.800 0.19500 1.370
885 5.03162300 0.067080 0.000000 84.470 0.95000 1.780
886 1.71005660 0.030050 0.000000 78.300 1.28400 1.743
887 3.32944100 0.046130 0.000000 88.300 0.91000 1.443
888 0.96899510 0.020440 0.000000 84.400 2.75000 1.415
889 3.08017160 0.048810 -999.9 84.870 1.31000 1.525
890 2.87175180 0.045500 0.000000 88.860 1.18000 1.570
891 4.11379120 0.054960 0.000000 88.600 1.52200 1.286
892 2.70339040 0.041220 0.000000 84.230 1.47700 1.345
893 2.98959320 0.043170 0.000000 83.160 0.90200 1.699
896 2.73477490 0.044150 0.000000 83.760 1.28000 1.533
897 3.24406000 0.045710 0.035000 82.650 0.86700 1.860
898 1.48112350 0.034620 0.000000 86.790 2.88000 1.891
910 17.85523330 0.151000 0.720000 88.950 10.00000 1.430
911 86.64766100 0.382000 0.772000 89.660 1.45000 0.940
912 1.76358800 0.036410 0.000640 86.770 9.28000 1.512
913 10.95416000 -999.9 0.055930 89.055 0.02700 0.337
914 22.33950000 0.155250 0.056280 86.200 0.62600 -999.9
923 0.24010400 0.006000 -999.9 65.000 0.00140 0.068
924 0.34288700 0.007600 -999.9 65.000 0.00210 0.077
925 3.74320800 0.051190 0.250000 89.300 0.03300 0.153
926 10.42364800 0.101300 0.430000 88.360 0.04900 0.385
927 22.34298900 0.168400 0.022000 89.871 0.33400 1.005
928 54.32031000 0.304600 0.019000 89.760 0.11000 0.585
930 0.83749100 0.017200 -999.9 85.100 0.01450 0.132
931 45.29430100 -999.9 0.000000 89.590 0.05400 0.210
932 6.88705000 -999.9 -999.9 -999.9 0.02300 0.118
945 3.48768120 0.047400 0.086000 85.820 0.16000 0.510
946 6.02976000 0.068400 0.000000 84.600 0.01000 0.112
960 10.31170000 -999.9 -999.9 -999.9 0.01200 0.105
961 16.14570000 -999.9 -999.9 -999.9 0.02800 0.198
973 15.96540000 -999.9 -999.9 -999.9 0.03100 0.301
974 179.61200000 -999.9 -999.9 -999.9 0.11400 0.459
1000 7.12620000 -999.9 -999.9 -999.9 0.01447 0.117
1013 13.57080000 -999.9 -999.9 -999.9 0.03300 0.223
1015 43.84450000 -999.9 -999.9 -999.9 0.03500 0.228
1068 10.30390000 0.091000 0.045000 89.640 0.00600 0.161
1069 13.02410000 0.107000 0.026000 89.590 0.00900 0.256
1070 22.68450000 0.155000 0.004000 89.670 0.02300 0.278
1071 31.99960000 0.195000 0.012000 88.890 0.02500 0.374
1072 46.68880000 0.250000 0.013000 89.470 0.00600 0.222
1073 118.38070000 0.466000 0.150000 89.870 0.07900 0.297
1111 4.75400000 -999.9 -999.9 -999.9 0.03700 0.162
1124 8.04100000 -999.9 -999.9 -999.9 0.00900 0.143
1125 11.77600000 -999.9 -999.9 -999.9 0.01200 0.226
1162 18.79592280 0.144500 0.049300 88.740 0.09400 0.719
1163 50.79039100 0.280400 0.032300 89.640 1.84000 1.101
1198 4.43796290 0.055300 -999.9 88.796 0.43200 1.754
1227 56.26800000 -999.9 -999.9 -999.9 0.11300 0.156
1304 15.09000000 -999.9 -999.9 -999.9 0.09700 0.101
1305 22.80400000 -999.9 -999.9 -999.9 0.10500 0.101
1341 16.09200000 -999.9 -999.9 -999.9 0.05100 0.215
1342 25.51690000 -999.9 -999.9 -999.9 0.02600 0.075
1434 10.31260000 -999.9 -999.9 -999.9 0.00021 0.047
1435 13.78130000 -999.9 -999.9 -999.9 0.00620 0.107
1436 23.08810000 -999.9 -999.9 -999.9 0.00201 0.108
1463 6.79012300 -999.9 0.035000 90.000 8.40000 1.136
1525 22.95100000 -999.9 -999.9 -999.9 0.11700 0.236
1526 42.88200000 -999.9 -999.9 -999.9 0.25000 0.385
1589 4.94278200 0.057140 0.060000 87.440 0.66000 0.960
1721 228.77600000 0.704800 0.006900 90.032 0.33300 0.754
1782 1107.59230000 2.720500 0.058100 90.097 1.51968 1.059
1802 1.48571080 0.025910 0.011000 87.200 2.45000 1.310
1823 36.85500000 -999.9 -999.9 -999.9 0.00600 0.259
1824 49.41200000 -999.9 -999.9 -999.9 0.02400 0.633
1830 3.50472500 0.044700 0.000000 84.920 0.02200 0.178
1831 7.64159000 0.075200 0.000000 87.680 0.05400 0.490
1832 14.85888000 0.117200 0.000000 88.070 0.05200 0.623
1857 9.28716000 -999.9 0.120000 -999.9 0.02643 -999.9
1858 28.73100000 -999.9 0.210000 -999.9 0.04122 -999.9
1859 62.95000000 -999.9 0.050000 -999.9 0.07079 -999.9
1886 3.69611525 0.046300 0.030000 87.355 0.03052 0.167
1887 10.85409089 0.094900 0.160000 89.815 0.04012 0.272
1888 77.61130017 0.350600 -999.9 89.708 0.03168 0.245
1917 2.78578000 0.042717 0.020000 83.200 0.01598 0.146
1943 289.86230000 0.849000 0.000000 89.764 0.11300 0.212
1955 7.38449000 -999.9 0.078000 90.000 0.02328 0.267
1956 9.84564000 -999.9 0.150000 90.000 0.01605 0.307
1957 14.78869000 -999.9 0.037000 87.940 0.02517 0.467
1958 19.72567000 -999.9 0.051000 88.000 0.01510 0.410
1976 7.10730000 0.075000 -999.9 -999.9 0.80000 0.170
1977 10.74210000 0.099000 -999.9 -999.9 2.70000 0.285
2000 23.65400000 -999.9 -999.9 -999.9 0.53400 0.500
2001 50.44700000 -999.9 -999.9 -999.9 0.04200 0.178
2004 8.14530000 0.080000 -999.9 -999.9 1.60000 0.214
2005 12.33350000 0.106000 -999.9 -999.9 1.60000 0.250
2033 6.23850000 -999.9 -999.9 -999.9 0.03020 0.242
2034 12.72040000 -999.9 -999.9 -999.9 0.07740 0.464
2035 123.00000000 -999.9 -999.9 -999.9 0.28300 -999.9
2065 12.28000000 -999.9 -999.9 -999.9 0.01611 0.248
2066 17.25590000 -999.9 -999.9 -999.9 0.01951 0.243
2092 15.33480000 0.118000 -999.9 -999.9 9.11000 0.357
2093 31.33090000 0.191000 -999.9 -999.9 13.80000 0.437
2110 31.88400000 -999.9 -999.9 -999.9 0.05200 0.259
2111 48.64800000 -999.9 -999.9 -999.9 0.05100 0.250
2112 17.32400000 -999.9 -999.9 -999.9 0.27500 0.261
2113 33.00600000 -999.9 -999.9 -999.9 0.20200 0.300
2117 35.73600000 -999.9 -999.9 -999.9 0.15500 0.384
2118 54.41400000 -999.9 -999.9 -999.9 0.11800 0.277
2119 5.91230000 0.062000 -999.9 -999.9 1.51000 0.321
2120 8.98580000 0.081000 -999.9 -999.9 1.36000 0.303
2127 24.80600000 -999.9 -999.9 -999.9 0.19200 0.219
2128 44.34700000 -999.9 -999.9 -999.9 0.17700 0.277
2144 34.54500000 0.210000 -999.9 89.590 0.02300 0.192
2145 125.85180000 0.510000 -999.9 89.794 0.42000 1.034
2146 66.06340000 0.330000 -999.9 89.730 0.01300 0.239
2147 10.33840000 -999.9 -999.9 -999.9 0.01419 0.299
2148 13.28840000 -999.9 -999.9 -999.9 0.01259 0.280
2179 29.33434000 0.180000 0.042000 90.179 0.03600 0.348
2180 60.32310500 0.300000 0.011100 90.323 2.01000 1.097
2181 143.34394000 0.500000 0.022000 89.841 0.07300 0.785
2195 5.48700000 -999.9 -999.9 -999.9 0.03300 0.321
2196 8.29100000 -999.9 -999.9 -999.9 0.01900 0.294
2202 10.42080000 -999.9 -999.9 -999.9 0.02341 0.217
2203 13.07290000 -999.9 -999.9 -999.9 0.01145 0.196
2209 42.63180000 0.260000 -999.9 -999.9 4.70000 0.473
2210 87.64510000 0.400000 -999.9 -999.9 6.80000 0.348
2233 5.90124000 0.050000 -999.9 -999.9 4.10000 0.196
2234 8.75220000 0.090000 -999.9 -999.9 0.50000 0.178
2257 34.92100000 -999.9 -999.9 -999.9 0.09000 0.205
2258 71.31200000 -999.9 -999.9 -999.9 0.12400 0.482
2289 9.34100000 -999.9 -999.9 -999.9 0.02700 0.139
2293 288.82200000 1.089600 0.182000 90.355 0.22000 0.764
2318 131.45800000 0.603470 0.042000 90.760 0.12700 0.728
2320 17.84900000 -999.9 -999.9 -999.9 0.01900 0.277
2321 26.13600000 -999.9 -999.9 -999.9 0.04700 0.250
2344 13.83989000 0.115300 0.039000 90.010 0.01400 0.133
2345 16.23855000 0.128300 0.033000 89.980 0.02500 0.328
2367 13.36750000 -999.9 -999.9 -999.9 0.03146 0.029
2368 21.30200000 -999.9 -999.9 -999.9 0.03776 0.067
2369 39.79220000 -999.9 -999.9 -999.9 0.03839 0.173
2393 105.59900000 0.463200 0.032000 89.442 0.38400 0.384
2414 21.08721000 0.164000 0.112000 89.070 20.10000 1.240
2427 42.99400000 -999.9 -999.9 -999.9 0.23800 0.312
2428 88.50500000 -999.9 -999.9 -999.9 0.05600 0.473
2437 3.21346000 0.045600 0.000000 89.760 0.07700 0.357
2438 6.87349000 0.080000 0.000000 89.700 2.20000 1.170
2455 2.42629000 -999.9 -999.9 -999.9 0.02000 0.128
2456 4.62332000 -999.9 -999.9 -999.9 0.00900 0.076
2458 3000.00000000 -999.9 -999.9 -999.9 12.60000 -999.9
2461 1.85555820 0.031010 0.000000 82.510 0.56000 1.290
2465 1.72086040 0.028970 -999.9 80.559 0.94100 1.341
2466 66.26200000 0.355300 0.118100 89.929 0.21100 0.388
2467 4.70000000 -999.9 -999.9 -999.9 0.01100 0.153
2468 7.17100000 -999.9 -999.9 -999.9 0.09400 0.269
2469 4.17600000 -999.9 -999.9 -999.9 0.37700 0.108
2471 6.31900000 -999.9 -999.9 -999.9 0.18300 0.221
2473 12.33100000 -999.9 -999.9 -999.9 0.03500 0.206
2475 86.67856000 -999.9 0.200000 89.952 1.10000 1.200
2476 69.75460000 0.370000 0.833000 88.950 2.50000 0.960
2477 675.47000000 1.680000 0.184000 88.000 7.30000 -999.9
2482 7.89144830 0.082000 -999.9 -999.9 0.43000 1.150
2483 2.68432850 0.035850 0.019000 87.828 0.59500 1.192
2484 3.31186440 0.044000 -999.9 -999.9 1.03000 0.890
2486 3.79701816 0.046400 0.330000 87.020 0.25000 0.978
2487 3.21751883 0.041400 0.180000 85.740 0.34000 1.090
2488 10.29099400 0.091000 0.570000 89.500 0.29000 1.230
2489 3.52563254 0.043300 0.220000 89.360 1.27000 1.080
2490 3.02409490 0.046000 -999.9 84.646 3.23000 1.219
2496 52.50112900 0.301000 0.513400 88.170 5.41000 1.145
2498 5.33408384 0.067900 0.119000 89.210 2.82000 1.450
2499 12.87470990 0.114300 0.131000 86.460 2.86000 1.130
2500 8.60015360 0.094800 0.114000 85.510 0.84000 1.990
2506 3.24672930 0.044600 0.066000 84.960 1.00000 1.090
2522 7.79430132 0.076900 0.123000 86.550 1.37000 1.650
2525 2.45523900 0.030000 0.110000 87.000 0.50500 0.960
2530 240.50300000 0.790300 0.035900 89.443 0.00063 0.553
2531 10.57375339 0.095400 0.000000 87.090 0.02152 0.211
2534 33.60134000 0.196800 0.010000 89.038 6.00000 0.808
2535 57.01100000 0.279900 0.014600 87.400 0.37600 -999.9
2547 49.53200000 0.296200 0.035000 89.700 2.00000 0.270
2548 303.13700000 0.991000 0.411000 89.825 28.00000 0.411
2559 4.77800000 -999.9 -999.9 -999.9 0.01240 0.168
2560 9.67395000 -999.9 -999.9 -999.9 0.04597 0.242
2561 42.89610000 -999.9 -999.9 -999.9 0.02500 0.182
2562 982.00000000 -999.9 -999.9 -999.9 2.06700 -999.9
2574 7.20379450 -999.9 -999.9 -999.9 0.98000 0.243
2575 10.91293430 -999.9 -999.9 -999.9 0.72000 0.227
2588 3.54846570 0.053800 -999.9 89.140 2.11100 1.426
2601 45.15400000 0.251400 0.040000 -999.9 0.00700 0.633
2602 85.31200000 0.384000 0.014000 -999.9 0.01300 0.803
2603 130.19400000 0.509000 0.008000 -999.9 0.02400 0.865
2614 7.87735650 -999.9 -999.9 -999.9 8.70000 0.187
2615 16.38500210 -999.9 -999.9 -999.9 10.41000 0.164
2630 18.64895250 -999.9 -999.9 -999.9 18.41000 0.258
2631 38.55830380 -999.9 -999.9 -999.9 15.74000 0.283
2642 125.63243000 0.498800 0.390000 89.845 0.97000 0.747
2643 1000.00000000 2.420000 0.500000 -999.9 2.40000 -999.9
2644 8.01094340 -999.9 -999.9 -999.9 0.92000 0.187
2645 12.07172490 -999.9 -999.9 -999.9 0.37000 0.110
2658 27.94814490 -999.9 -999.9 -999.9 1.49000 0.217
2659 42.15164180 -999.9 -999.9 -999.9 1.11000 0.197
2674 10.50160000 0.102800 -999.9 -999.9 0.07000 0.581
2675 21.40239000 0.165200 -999.9 -999.9 0.57000 0.874
2688 5.72931960 -999.9 -999.9 -999.9 18.86000 0.195
2689 11.60925670 -999.9 -999.9 -999.9 6.95000 0.138
2700 10.21849540 -999.9 -999.9 -999.9 1.39000 0.248
2701 15.57415680 -999.9 -999.9 -999.9 2.19000 0.255
2713 11.86817070 -999.9 -999.9 -999.9 2.05000 0.098
2714 17.98012350 -999.9 -999.9 -999.9 1.37000 0.177
2725 3.23469960 0.048520 -999.9 88.930 0.66800 1.304
2726 7.13340000 -999.9 -999.9 -999.9 0.01318 0.153
2727 8.91870000 -999.9 -999.9 -999.9 0.01211 0.170
2728 11.89810000 -999.9 -999.9 -999.9 0.01309 0.178
2756 5.71493200 0.055300 -999.9 89.200 0.03000 0.117
2757 12.44170000 0.092900 -999.9 89.700 0.01300 0.048
2758 18.16406000 0.120000 -999.9 89.700 0.04400 0.174
2759 122.38740000 0.427000 -999.9 89.980 0.11300 0.144
2760 267.29100000 0.718000 -999.9 89.900 0.11000 0.126
2772 9.43415050 0.080000 0.450000 87.806 0.37800 0.545
2829 5.39875000 -999.9 -999.9 -999.9 0.01878 0.208
2830 9.60504000 -999.9 -999.9 -999.9 0.02265 0.089
2831 625.00000000 -999.9 -999.9 -999.9 0.84007 -999.9
2854 4.88548920 0.060670 -999.9 85.161 0.44100 1.622
2898 7.34071100 0.078100 0.000000 87.460 0.63000 0.960
2909 8.88491160 0.081800 0.570000 89.120 10.10000 1.050
2925 1.54492980 0.027400 -999.9 77.550 2.01000 1.360
2938 3.57878087 0.045010 0.000000 88.000 0.43000 0.960
2951 0.35500000 -999.9 0.000000 79.000 0.00600 0.105
2962 13.48450000 0.117000 0.015000 88.780 0.03430 0.310
2963 27.40290000 0.187000 0.030000 89.480 0.01900 0.332
2964 52.09020000 0.287000 0.025000 89.930 0.01900 0.639
2965 81.06590000 0.386000 0.012000 89.130 0.01300 0.311
2976 3.52249910 0.047400 -999.9 83.978 0.59000 1.416
2977 7.05246000 0.064800 -999.9 89.340 0.02180 0.238
2978 9.52355000 0.079200 -999.9 89.330 0.02121 0.244
2979 3.07222000 0.037200 -999.9 88.350 0.02124 0.136
2980 4.64489000 0.049100 -999.9 88.790 0.01299 0.143
3073 114.73635000 0.481000 0.036000 89.274 1.02000 1.204
3074 191.23180000 0.676000 0.039000 89.588 0.02000 0.548
3106 19.24000000 0.140000 0.150000 -999.9 0.25200 0.842
3107 38.91000000 0.225000 0.130000 -999.9 0.17100 0.823
3120 6.24658000 0.073100 -999.9 69.680 0.81000 1.367
3131 13.74900000 -999.9 -999.9 -999.9 0.20200 0.313
3132 26.72300000 -999.9 -999.9 -999.9 0.01900 0.232
3145 4.72673978 0.053000 0.000000 89.183 0.01265 0.132
3146 1460.00000000 -999.9 -999.9 -999.9 3.00000 -999.9
3158 2.50806000 -999.9 -999.9 -999.9 0.03400 0.313
3159 820.30000000 -999.9 -999.9 -999.9 9.83600 -999.9
3170 11.52310000 -999.9 -999.9 -999.9 0.04100 0.305
3182 16.23850000 -999.9 -999.9 -999.9 0.02700 0.238
3196 2.58664000 -999.9 -999.9 -999.9 0.01100 0.132
3197 789.00000000 -999.9 -999.9 -999.9 1.08000 -999.9
3208 1.54168000 -999.9 -999.9 -999.9 0.01100 0.178
3219 4.60358000 -999.9 -999.9 -999.9 0.01900 0.132
3231 24.73712000 0.087500 0.290000 89.912 0.02092 0.128
3234 3.91405000 0.046400 0.000000 88.300 0.81000 0.890
3235 -999.9 0.620000 -999.9 -999.9 0.01000 -999.9
3236 -999.9 0.720000 -999.9 -999.9 0.83000 -999.9
3237 -999.9 1.610000 -999.9 -999.9 0.07362 -999.9
3238 -999.9 3.300000 -999.9 -999.9 4.10000 -999.9
3239 2774.00000000 3.200000 -999.9 -999.9 0.03300 -999.9
3240 -999.9 2.400000 -999.9 -999.9 0.16000 -999.9
3241 1982.00000000 1.820000 -999.9 52.000 2.56000 -999.9
3242 -999.9 1.210000 -999.9 -999.9 11.00000 -999.9
3243 -999.9 0.920000 -999.9 -999.9 0.02895 -999.9
3244 -999.9 1.720000 -999.9 -999.9 0.27000 -999.9
3245 -999.9 2.000000 -999.9 -999.9 1.50000 -999.9
3246 -999.9 4.140000 -999.9 -999.9 0.09439 -999.9
3247 -999.9 0.840000 -999.9 -999.9 0.05663 -999.9
3248 -999.9 1.100000 -999.9 -999.9 4.80000 -999.9
3249 -999.9 4.300000 -999.9 -999.9 11.60000 -999.9
3250 -999.9 0.940000 -999.9 -999.9 0.01007 -999.9
3251 -999.9 1.670000 -999.9 -999.9 2.80000 -999.9
3252 -999.9 10.200000 -999.9 -999.9 8.40000 -999.9
3253 -999.9 0.900000 -999.9 -999.9 0.02108 -999.9
3254 -999.9 8.300000 -999.9 -999.9 3.70000 -999.9
3255 760.00000000 1.613000 -999.9 -999.9 23.70000 -999.9
3262 5573.55000000 5.350000 0.080000 -999.9 7.33000 -999.9
3263 2883.50000000 3.430000 0.190000 -999.9 2.30000 -999.9
3265 -999.9 4.300000 -999.9 -999.9 2.60000 -999.9
3266 -999.9 3.500000 -999.9 -999.9 0.04436 -999.9
3267 3285.00000000 2.600000 -999.9 -999.9 0.01700 -999.9
3268 -999.9 3.600000 -999.9 -999.9 3.80000 -999.9
3269 1788.50000000 2.300000 -999.9 -999.9 0.73000 -999.9
3270 4927.50000000 4.500000 0.150000 64.000 0.27000 -999.9
3271 2557.00000000 2.590000 -999.9 -999.9 0.25171 -999.9
3272 -999.9 3.300000 -999.9 -999.9 0.06000 -999.9
3273 -999.9 1.700000 -999.9 -999.9 4.60000 -999.9
3274 -999.9 18.000000 -999.9 -999.9 0.18000 -999.9
3275 -999.9 2.720000 -999.9 -999.9 0.53000 -999.9
3276 -999.9 1.890000 -999.9 -999.9 0.88000 -999.9
3277 -999.9 0.900000 -999.9 -999.9 0.39000 -999.9
3278 -999.9 1.600000 -999.9 -999.9 0.47000 -999.9
3279 -999.9 4.000000 -999.9 -999.9 0.14500 -999.9
3280 -999.9 4.800000 -999.9 -999.9 0.86000 -999.9
3281 -999.9 0.870000 -999.9 -999.9 1.85000 -999.9
3282 -999.9 3.450000 -999.9 -999.9 2.73000 -999.9
3283 -999.9 0.800000 -999.9 -999.9 12.56900 -999.9
3284 -999.9 0.883000 -999.9 -999.9 0.00730 -999.9
3285 -999.9 4.400000 -999.9 -999.9 3.09000 -999.9
3286 -999.9 3.110000 -999.9 -999.9 0.51000 -999.9
3287 -999.9 0.730000 -999.9 -999.9 0.72000 -999.9
3288 -999.9 1.200000 -999.9 -999.9 3.90000 -999.9
3289 -999.9 2.100000 -999.9 -999.9 0.06607 -999.9
3290 -999.9 2.700000 -999.9 -999.9 0.11012 -999.9
3291 -999.9 1.750000 -999.9 -999.9 0.56000 -999.9
3292 -999.9 5.400000 -999.9 -999.9 4.10000 -999.9
3293 -999.9 1.160000 -999.9 -999.9 0.00450 -999.9
3294 1.21191890 0.023830 -999.9 77.600 1.39000 1.363
3295 3.10127800 0.043400 -999.9 90.000 0.62000 1.250
3297 1.43247520 0.022890 -999.9 87.800 1.26000 1.093
3298 1.68986800 0.030350 -999.9 83.400 1.18000 1.200
3299 3.97910000 0.051000 0.000000 85.700 1.01000 1.130
3300 3.67724000 0.051000 0.000000 87.200 1.03000 1.360
3301 2.48553350 0.030800 -999.9 79.800 4.50000 1.610
3302 7300000.00000000 243.000000 -999.9 -999.9 14.00000 -999.9
3303 138.31700000 0.652000 0.070200 90.050 0.53100 0.551
3305 3.16062960 0.037340 -999.9 88.060 2.31000 0.941
3306 25.26200000 0.190000 0.000000 -999.9 0.00006 -999.9
3307 66.54190000 0.360000 0.018600 -999.9 0.01353 -999.9
3308 98.21140000 0.460000 -999.9 -999.9 0.01227 -999.9
3309 -999.9 23.000000 -999.9 -999.9 2.50000 -999.9
3310 0.09070629 0.004400 0.060000 -999.9 1.20000 -999.9
3315 1.42002420 0.023320 0.000000 84.080 1.29400 1.143
3316 1.33711647 0.021530 0.000000 86.120 2.49400 1.254
3317 2.50792040 0.037830 0.000000 86.800 4.31000 1.096
3318 1.80535640 0.028030 0.000000 87.500 6.10000 1.135
3319 2.87923190 0.041270 0.000000 88.740 4.32000 1.107
3320 -999.9 210.000000 -999.9 -999.9 16.00000 -999.9
3321 -999.9 157.000000 -999.9 -999.9 9.00000 -999.9
3323 -999.9 1168.000000 -999.9 -999.9 6.28536 1.220
3324 -999.9 -999.9 -999.9 -999.9 13.00000 -999.9
3325 1.79600000 0.030000 -999.9 -999.9 9.70000 1.130
3326 4.20000000 0.055000 -999.9 -999.9 3.80000 0.810
3328 1.51087081 0.011110 0.081000 89.650 0.00267 0.097
3329 2.42182330 0.015210 0.083000 89.670 0.00434 0.094
3330 4.04961000 0.021440 0.070000 89.750 0.00129 0.069
3331 6.09961500 0.028170 0.085000 89.860 0.00195 0.082
3332 9.20669000 0.037100 0.063000 89.680 0.00214 0.093
3333 12.35294000 0.045100 0.061000 89.710 0.00422 0.101
3339 3.03006500 0.039250 -999.9 90.000 0.75200 1.067
3340 2.47061317 0.036700 -999.9 83.872 1.19700 1.247
3341 1.30618581 0.022820 0.000000 81.850 1.91000 1.336
3342 3.55392771 0.051600 0.016000 83.070 0.49400 1.838
3343 1.48224686 0.024590 -999.9 84.270 1.79000 1.194
3344 -999.9 670.000000 -999.9 -999.9 14.00000 -999.9
3345 5840.00000000 5.900000 0.040000 -999.9 6.30000 -999.9
3346 1916.25000000 2.800000 0.050000 -999.9 7.70000 -999.9
3348 4.92700000 0.057000 -999.9 55.000 0.70000 -999.9
3349 -999.9 102.000000 -999.9 -999.9 11.20000 -999.9
3350 2.51994540 0.038890 0.000000 90.000 0.85400 1.483
3351 3.09276160 0.037810 -999.9 88.490 3.15000 1.080
3352 2.84937500 0.045700 0.000000 82.600 2.03000 1.690
3353 3.58572200 0.050600 0.000000 85.000 0.50000 1.410
3354 0.92554200 0.019850 -999.9 86.300 1.49000 1.528
3355 1.75541370 0.029180 0.000000 83.630 1.27200 1.137
3356 7.87288000 0.075000 0.000000 89.700 1.80000 0.960
3357 9.28971500 0.091700 0.000000 89.490 1.92500 1.085
3358 5.72149000 0.055000 0.000000 89.700 0.12000 0.940
3359 3.72247470 0.043500 0.000000 88.600 0.48700 1.005
3360 4.54216875 0.058850 0.000000 86.460 0.47500 1.409
3361 1.54877430 0.028510 0.012000 83.960 1.76900 1.339
3362 10.02165000 0.094590 0.302000 89.140 0.27550 1.021
3363 4.04604350 0.054530 0.000000 88.700 0.51400 1.440
3364 2.49979000 0.036300 0.058000 85.000 1.23000 1.400
3365 1.09142030 0.023400 0.000000 83.370 1.47000 1.900
3366 3.61127060 0.051400 0.057000 82.540 4.85000 1.473
3367 1.27492550 0.025440 0.000000 87.600 1.18300 1.865
3368 2.97764120 0.042630 0.000000 85.740 0.89900 1.318
3369 3.37265000 0.044900 0.017000 86.300 0.60000 1.240
3370 3.28880000 0.044900 0.180000 87.900 0.28000 0.960
3371 4.17806200 0.052000 -999.9 88.700 0.18000 1.370
3372 5.74814500 0.062800 0.096000 87.700 1.00000 0.930
3373 4.35301100 0.053620 0.000000 85.190 0.47700 1.389
3374 11.55098000 0.101200 0.000000 88.660 1.23000 0.890
3375 5.32202300 0.060700 0.000000 85.000 0.27000 1.220
3376 7.13352100 0.067000 0.000000 89.600 0.41000 0.870
3377 2.17642300 0.034500 0.170000 87.000 1.16000 1.210
3378 1.40137940 0.024300 0.000000 82.000 1.90000 1.300
3379 5.21535700 0.066100 -999.9 84.700 1.51000 1.380
3380 3.63443300 0.049400 -999.9 88.500 1.22000 1.090
3381 5.92426200 0.062000 0.000000 88.900 0.11700 0.800
3382 2.24375200 0.036000 0.091000 84.320 7.34100 1.281
3383 2.23598350 0.032300 0.047000 83.300 2.44000 1.440
3384 3.31065100 0.046900 0.000000 87.600 2.69000 1.210
3385 2.05286800 0.034700 0.000000 80.200 0.84000 1.530
3386 3.75206560 0.049900 0.000000 85.500 0.54200 1.428
3387 3.95162050 0.052900 0.000000 84.930 0.57400 1.065
3388 3.11860090 0.042100 0.000000 85.220 0.85500 1.008
3389 2.02195960 0.036500 -999.9 79.900 8.00000 1.580
3390 3.73543800 0.051500 0.028000 86.830 0.48600 1.991
3391 0.94145299 0.020260 0.009200 86.000 10.43000 1.165
3392 0.78883899 0.016340 0.002000 78.780 1.06900 1.392
3393 2.15222600 0.031380 -999.9 84.810 0.91500 1.071
3394 4.89962840 0.060000 0.000000 85.560 0.31100 1.462
3395 4.32248200 0.052000 0.000000 88.750 0.30000 1.070
3396 3.53273064 0.048900 -999.9 88.600 0.61700 1.199
3397 2.94442560 0.037600 0.062000 88.390 0.88400 0.962
3398 2.34121242 0.036510 0.000000 83.640 1.07100 1.300
3399 3.76482500 0.047300 0.000000 88.000 0.58000 1.220
3400 2.75660040 0.039850 0.000000 82.910 1.02800 1.281
3401 3.40883000 0.044690 0.000000 88.610 0.90700 1.213
3402 3.92272700 0.045700 0.030000 88.800 0.24400 0.792
3403 1.84683550 0.031500 0.003000 84.060 1.98000 1.400
3404 3.40590960 0.046590 0.000000 84.410 0.47800 1.549
3405 2.71865900 0.039400 0.018000 85.300 3.60000 1.180
3406 1.21986690 0.025550 -999.9 87.670 4.10000 1.497
3407 4.31767820 0.052400 0.038000 85.200 0.59000 1.220
3408 3.16157500 0.043170 0.000000 87.960 0.72000 1.320
3409 1.53736596 0.026770 -999.9 83.150 2.36100 1.327
3410 3.57746900 0.044600 0.000000 88.820 1.80000 1.160
3411 6.87181500 0.075220 0.031400 88.690 2.69100 1.094
3412 4.05525900 0.048600 0.000000 87.830 0.28000 1.270
3413 1.33823251 -999.9 0.000000 86.850 1.21600 1.330
3414 3.05240400 0.040000 0.026000 89.400 0.94000 1.180
3416 4.98168190 0.056100 -999.9 88.000 0.52700 1.122
3417 0.81347500 0.014200 0.000000 82.600 1.78000 0.930
3418 2.42380390 0.034730 0.000000 86.020 0.88900 1.140
3419 3.12609600 0.040500 -999.9 84.686 1.00200 0.992
3420 1.43036763 0.023350 -999.9 82.800 1.91000 1.174
3421 4.16071000 0.052000 0.002800 89.020 1.21000 1.150
3422 580.70000000 1.410000 0.360000 87.000 1.57000 -999.9
3423 9.09500000 0.088000 0.006000 89.220 0.05286 0.331
3424 0.78963600 0.017300 0.030000 86.200 0.02863 0.162
3425 2.14363544 0.033200 0.000000 81.990 0.90700 1.396
3426 2.78173870 0.037900 0.000000 84.890 0.37800 1.115
3427 1.62842790 0.026700 0.038000 86.900 1.58000 1.087
3428 1.95509590 0.029450 0.009000 84.740 1.46800 1.153
3429 1.74977980 0.027200 0.000000 85.350 0.46000 1.270
3430 3.30984430 0.041010 0.030000 87.080 2.13200 1.074
3432 3.69364110 0.049870 0.067000 84.970 0.63600 1.653
3433 4.46562910 0.055800 -999.9 89.050 0.62700 1.335
3434 4.61710100 0.054580 0.000000 88.500 0.57100 1.092
3435 2.83891856 0.037690 -999.9 86.050 0.64400 1.050
3436 5.01718000 0.056100 0.000000 87.400 0.89000 1.370
3437 7.91958500 0.069700 0.100000 89.270 0.86300 0.775
3438 3.36100208 0.041400 0.054000 88.380 0.48500 1.230
3439 4.30500110 0.053100 0.000000 87.900 0.51400 0.860
3440 3.85590000 0.051400 0.260000 89.350 2.06000 1.240
3441 4.41195300 0.056700 0.210000 88.300 0.57000 1.390
3442 4.37809000 0.057400 0.220000 87.800 0.38000 1.430
3443 1.57329180 0.026480 0.000000 86.570 1.27100 1.271
3444 2.31142430 0.033400 0.000000 88.800 1.55000 1.112
3445 4.08605200 0.054600 0.110000 85.900 2.32000 1.390
3446 4.61442000 0.051700 0.200000 85.800 0.42000 1.400
3447 5.08429800 0.062060 0.000000 88.100 0.95000 1.240
3448 3.86813820 0.045250 0.000000 86.710 0.26000 1.057
3449 4.95465800 0.061800 0.000000 89.600 0.96000 1.330
3450 3.71302030 0.048530 0.000000 87.120 0.59000 1.164
3451 2.90367470 0.046190 0.000000 84.900 2.24200 1.460
3452 2.21674210 0.037080 0.000000 81.600 1.54610 1.270
3453 4.08722000 0.055120 0.000000 87.400 1.88000 1.160
3454 2.13775000 0.037000 0.000000 79.810 0.95000 1.560
3455 2.48419300 0.037500 0.000000 82.000 1.07000 1.270
3456 1.80988600 0.033000 0.000000 88.000 0.92000 1.830
3457 1.36003090 0.024000 0.000000 89.400 1.76000 1.210
3458 2.17517632 0.036200 0.000000 83.200 0.89000 1.700
3459 3.66238660 0.053500 0.000000 83.300 0.90000 2.090
3460 8.15871500 0.080100 0.310000 88.550 2.24400 1.038
3462 3.06785234 0.034400 0.002000 89.020 0.53800 0.999
3463 2.71647620 0.039080 0.066000 88.690 0.72900 1.429
3464 2.70578200 0.044700 0.000000 87.900 1.24000 1.670
3465 4.97125200 0.059000 0.000000 88.900 0.30000 1.040
3466 8.52348650 0.077100 0.000000 88.368 0.69400 0.942
3467 2.65567770 0.039000 0.000000 89.690 1.26500 1.240
3468 4.95400000 0.064310 0.000000 88.000 0.56000 1.700
3469 3.35642270 0.042700 0.193000 89.400 5.90000 1.040
3470 3.91624300 0.056200 0.000000 82.100 0.63000 1.630
3471 2.79858100 0.037000 0.000000 86.800 1.34000 1.030
3472 2.17467420 0.034800 0.000000 83.750 0.80500 1.461
3473 2.73253210 0.042110 0.000000 81.180 1.47000 1.597
3474 3.95019070 0.055000 0.130000 88.700 0.45200 1.720
3476 2.18467300 0.034160 0.000000 88.400 1.13000 1.210
3477 3.42526020 0.045300 0.000000 85.600 0.48000 1.200
3478 2.07276000 0.033030 0.000000 88.000 1.32000 1.130
3479 2.96264036 0.037620 -999.9 86.380 0.92200 1.144
3480 5.75251000 0.071700 0.000000 88.800 2.78000 1.100
3481 -999.9 2500.000000 -999.9 -999.9 7.50000 -999.9
3482 -999.9 8.000000 -999.9 -999.9 22.00000 0.934
3483 3.35205700 0.047000 0.100000 85.500 4.01000 1.490
3484 1.01870680 0.018550 0.000000 83.550 1.12000 1.363
3488 3.94150685 0.049000 0.000000 88.800 0.92000 1.210
3489 2.61585922 0.036730 0.006000 -999.9 0.59700 1.019
3492 3.19152390 0.045400 0.260000 84.200 11.79000 1.217
3493 4.12508280 -999.9 0.000000 88.800 1.78000 1.330
3494 4.18775580 0.051500 0.000000 86.800 1.19000 1.140
3495 3.76500070 0.081500 0.000000 86.000 4.40000 2.070
3505 2502.00000000 3.390000 0.702000 30.100 1.55000 -999.9
3509 -999.9 55.000000 -999.9 -999.9 13.61600 -999.9
3510 1261.94000000 2.800000 0.044000 60.000 2.00000 -999.9
